# 00 Hawk V0 (rigid), Leonardo Avoni                                              
# Operating point sequence...
# i     t     Wy rot.rate   Theta (elev)  Flap 2        Int(Th-Thc)dt V             alpha        
  1  0.000       0.00000      0.570575       1.47927       0.00000       30.0000      0.570575    
  2 0.1000E-01  -1.21248      0.558451       1.47927       0.00000       30.0003      0.603676    
  3 0.2000E-01  -1.30598      0.545702     -0.684876       0.00000       29.9868      0.622223    
  4 0.3000E-01  -1.24496      0.533153     -0.835978       0.00000       29.9885      0.627674    
  5 0.4000E-01 -0.786961      0.523724     -0.914234       0.00000       29.9880      0.628087    
  6 0.5000E-01 -0.195447      0.519278     -0.778679       0.00000       29.9882      0.628843    
  7 0.6000E-01  0.411934      0.520542     -0.541085       0.00000       29.9887      0.632749    
  8 0.7000E-01  0.967708      0.527415     -0.251195       0.00000       29.9892      0.640693    
  9 0.8000E-01   1.43883      0.539298      0.591009E-01   0.00000       29.9897      0.652468    
 10 0.9000E-01   1.81272      0.555343      0.370572       0.00000       29.9901      0.667335    
 11 0.1000       2.08804      0.574612      0.671733       0.00000       29.9904      0.684359    
 12 0.1100       2.26924      0.596164      0.955554       0.00000       29.9906      0.702588    
 13 0.1200       2.36371      0.619105       1.21755       0.00000       29.9908      0.721134    
 14 0.1300       2.38025      0.642621       1.45477       0.00000       29.9909      0.739215    
 15 0.1400       2.32841      0.665982       1.66533       0.00000       29.9909      0.756166    
 16 0.1500       2.21780      0.688555       1.84815       0.00000       29.9908      0.771441    
 17 0.1600       2.05813      0.709800       2.00275       0.00000       29.9907      0.784610    
 18 0.1700       1.85898      0.729274       2.12929       0.00000       29.9906      0.795353    
 19 0.1800       1.62950      0.746629       2.22847       0.00000       29.9904      0.803454    
 20 0.1900       1.37838      0.761604       2.30143       0.00000       29.9902      0.808791    
 21 0.2000       1.11369      0.774020       2.34967       0.00000       29.9900      0.811325    
 22 0.2100      0.842851      0.783777       2.37501       0.00000       29.9898      0.811095    
 23 0.2200      0.572523      0.790847       2.37952       0.00000       29.9895      0.808202    
 24 0.2300      0.308583      0.795260       2.36544       0.00000       29.9893      0.802805    
 25 0.2400      0.560981E-01  0.797105       2.33511       0.00000       29.9890      0.795105    
 26 0.2500     -0.180729      0.796516       2.29095       0.00000       29.9888      0.785338    
 27 0.2600     -0.398348      0.793663       2.23533       0.00000       29.9885      0.773769    
 28 0.2700     -0.594241      0.788751       2.17068       0.00000       29.9883      0.760677    
 29 0.2800     -0.766406      0.782004       2.09920       0.00000       29.9881      0.746351    
 30 0.2900     -0.913675      0.773664       2.02310       0.00000       29.9879      0.731081    
 31 0.3000      -1.03549      0.763981       1.94436       0.00000       29.9877      0.715154    
 32 0.3100      -1.13187      0.753207       1.86481       0.00000       29.9875      0.698846    
 33 0.3200      -1.20336      0.741593       1.78609       0.00000       29.9874      0.682416    
 34 0.3300      -1.25094      0.729383       1.70965       0.00000       29.9872      0.666106    
 35 0.3400      -1.27596      0.716806       1.63672       0.00000       29.9871      0.650135    
 36 0.3500      -1.28009      0.704080       1.56833       0.00000       29.9870      0.634700    
 37 0.3600      -1.26524      0.691403       1.50532       0.00000       29.9869      0.619967    
 38 0.3700      -1.23347      0.678954       1.44831       0.00000       29.9868      0.606081    
 39 0.3800      -1.18699      0.666891       1.39775       0.00000       29.9868      0.593157    
 40 0.3900      -1.12803      0.655350       1.35392       0.00000       29.9867      0.581285    
 41 0.4000      -1.05884      0.644444       1.31692       0.00000       29.9867      0.570527    
 42 0.4100     -0.981650      0.634265       1.28672       0.00000       29.9866      0.560924    
 43 0.4200     -0.898584      0.624881       1.26316       0.00000       29.9866      0.552493    
 44 0.4300     -0.811671      0.616342       1.24597       0.00000       29.9865      0.545230    
 45 0.4400     -0.722794      0.608677       1.23478       0.00000       29.9865      0.539112    
 46 0.4500     -0.633681      0.601897       1.22916       0.00000       29.9865      0.534101    
 47 0.4600     -0.545879      0.595998       1.22860       0.00000       29.9865      0.530143    
 48 0.4700     -0.460751      0.590960       1.23257       0.00000       29.9864      0.527176    
 49 0.4800     -0.379466      0.586751       1.24049       0.00000       29.9864      0.525124    
 50 0.4900     -0.302949      0.583328       1.25180       0.00000       29.9864      0.523908    
 51 0.5000     -0.231739      0.580642       1.26592       0.00000       29.9864      0.523441    
 52 0.5100     -0.164468      0.578651       1.28243       0.00000       29.9864      0.523551    
 53 0.5200     -0.974169E-01  0.577337       1.30185       0.00000       29.9863      0.523978    
 54 0.5300     -0.259463E-01  0.576726       1.32604       0.00000       29.9863      0.524435    
 55 0.5400      0.536604E-01  0.576881       1.35766       0.00000       29.9864      0.524641    
 56 0.5500      0.141562      0.577876       1.39918       0.00000       29.9865      0.524300    
 57 0.5600      0.236054      0.579781       1.45152       0.00000       29.9866      0.523105    
 58 0.5700      0.334623      0.582647       1.51464       0.00000       29.9868      0.520737    
 59 0.5800      0.434518      0.586499       1.58799       0.00000       29.9871      0.516868    
 60 0.5900      0.533048      0.591337       1.67071       0.00000       29.9875      0.511168    
 61 0.6000      0.627704      0.597134       1.76178       0.00000       29.9880      0.503303    
 62 0.6100      0.716214      0.603841       1.86003       0.00000       29.9887      0.492941    
 63 0.6200      0.796579      0.611387       1.96425       0.00000       29.9894      0.479760    
 64 0.6300      0.867078      0.619683       2.07316       0.00000       29.9904      0.463446    
 65 0.6400      0.926288      0.628624       2.18543       0.00000       29.9915      0.443699    
 66 0.6500      0.973043      0.638091       2.29975       0.00000       29.9928      0.420238    
 67 0.6600       1.00658      0.647957       2.41479       0.00000       29.9943      0.392802    
 68 0.6700       1.02630      0.658088       2.52930       0.00000       29.9960      0.361155    
 69 0.6800       1.03194      0.668344       2.64202       0.00000       29.9980      0.325088    
 70 0.6900       1.02347      0.678586       2.75178       0.00000       30.0002      0.284422    
 71 0.7000       1.00110      0.688674       2.85749       0.00000       30.0027      0.239009    
 72 0.7100      0.965287      0.698472       2.95811       0.00000       30.0055      0.188733    
 73 0.7200      0.916648      0.707849       3.05273       0.00000       30.0086      0.133516    
 74 0.7300      0.855988      0.716681       3.14052       0.00000       30.0120      0.733130E-01
 75 0.7400      0.784288      0.724854       3.22076       0.00000       30.0158      0.811597E-02
 76 0.7500      0.702544      0.732262       3.29284       0.00000       30.0199     -0.620466E-01
 77 0.7600      0.611951      0.738811       3.35621       0.00000       30.0244     -0.137110    
 78 0.7700      0.513740      0.744419       3.41049       0.00000       30.0292     -0.216974    
 79 0.7800      0.409187      0.749016       3.45537       0.00000       30.0343     -0.301502    
 80 0.7900      0.299592      0.752545       3.49063       0.00000       30.0399     -0.390525    
 81 0.8000      0.186255      0.754964       3.51618       0.00000       30.0458     -0.483842    
 82 0.8100      0.704585E-01  0.756239       3.53198       0.00000       30.0520     -0.581219    
 83 0.8200     -0.465518E-01  0.756354       3.53810       0.00000       30.0586     -0.682395    
 84 0.8300     -0.163581      0.755302       3.53466       0.00000       30.0655     -0.787081    
 85 0.8400     -0.279500      0.753088       3.52187       0.00000       30.0727     -0.894963    
 86 0.8500     -0.393255      0.749728       3.49999       0.00000       30.0803      -1.00571    
 87 0.8600     -0.503877      0.745249       3.46933       0.00000       30.0881      -1.11896    
 88 0.8700     -0.610488      0.739686       3.43026       0.00000       30.0961      -1.23434    
 89 0.8800     -0.712310      0.733083       3.38315       0.00000       30.1044      -1.35147    
 90 0.8900     -0.808661      0.725491       3.32845       0.00000       30.1128      -1.46995    
 91 0.9000     -0.898960      0.716967       3.26659       0.00000       30.1215      -1.58936    
 92 0.9100     -0.982725      0.707574       3.19804       0.00000       30.1302      -1.70929    
 93 0.9200      -1.05957      0.697379       3.12328       0.00000       30.1390      -1.82932    
 94 0.9300      -1.12921      0.686453       3.04277       0.00000       30.1479      -1.94903    
 95 0.9400      -1.19144      0.674868       2.95701       0.00000       30.1568      -2.06799    
 96 0.9500      -1.24613      0.662699       2.86647       0.00000       30.1657      -2.18579    
 97 0.9600      -1.29324      0.650021       2.77163       0.00000       30.1745      -2.30200    
 98 0.9700      -1.33280      0.636909       2.67293       0.00000       30.1832      -2.41622    
 99 0.9800      -1.36489      0.623440       2.57084       0.00000       30.1917      -2.52805    
100 0.9900      -1.38964      0.609685       2.46580       0.00000       30.2000      -2.63709    
101  1.000      -1.40725      0.595719       2.35823       0.00000       30.2081      -2.74297    
102  1.010      -1.41798      0.581610       2.24854       0.00000       30.2159      -2.84532    
103  1.020      -1.42199      0.567428       2.13711       0.00000       30.2235      -2.94380    
104  1.030      -1.41952      0.553236       2.02435       0.00000       30.2306      -3.03806    
105  1.040      -1.41101      0.539099       1.91067       0.00000       30.2374      -3.12780    
106  1.050      -1.39669      0.525076       1.79636       0.00000       30.2439      -3.21271    
107  1.060      -1.37688      0.511222       1.68178       0.00000       30.2498      -3.29251    
108  1.070      -1.35187      0.497592       1.56728       0.00000       30.2554      -3.36696    
109  1.080      -1.32197      0.484235       1.45318       0.00000       30.2604      -3.43580    
110  1.090      -1.28748      0.471200       1.33981       0.00000       30.2650      -3.49883    
111  1.100      -1.24868      0.458530       1.22748       0.00000       30.2691      -3.55586    
112  1.110      -1.20585      0.446268       1.11650       0.00000       30.2727      -3.60670    
113  1.120      -1.15924      0.434452       1.00718       0.00000       30.2758      -3.65122    
114  1.130      -1.10910      0.423120      0.899812       0.00000       30.2784      -3.68929    
115  1.140      -1.05565      0.412304      0.794709       0.00000       30.2805      -3.72081    
116  1.150     -0.999119      0.402038      0.692168       0.00000       30.2821      -3.74571    
117  1.160     -0.939695      0.392352      0.592487       0.00000       30.2832      -3.76393    
118  1.170     -0.877570      0.383273      0.495966       0.00000       30.2838      -3.77545    
119  1.180     -0.812920      0.374827      0.402901       0.00000       30.2839      -3.78026    
120  1.190     -0.745914      0.367039      0.313588       0.00000       30.2836      -3.77839    
121  1.200     -0.676710      0.359931      0.228319       0.00000       30.2829      -3.76987    
122  1.210     -0.605462      0.353526      0.147388       0.00000       30.2818      -3.75479    
123  1.220     -0.532323      0.347842      0.710793E-01   0.00000       30.2803      -3.73322    
124  1.230     -0.457439      0.342897     -0.322291E-03   0.00000       30.2785      -3.70529    
125  1.240     -0.380965      0.338710     -0.665391E-01   0.00000       30.2764      -3.67114    
126  1.250     -0.303056      0.335293     -0.127304       0.00000       30.2739      -3.63092    
127  1.260     -0.223878      0.332662     -0.182357       0.00000       30.2712      -3.58483    
128  1.270     -0.143597      0.330828     -0.231453       0.00000       30.2682      -3.53305    
129  1.280     -0.623932E-01  0.329800     -0.274355       0.00000       30.2651      -3.47583    
130  1.290      0.195457E-01  0.329588     -0.310847       0.00000       30.2618      -3.41340    
131  1.300      0.102026      0.330197     -0.340724       0.00000       30.2583      -3.34603    
132  1.310      0.184839      0.331633     -0.363799       0.00000       30.2546      -3.27400    
133  1.320      0.267771      0.333896     -0.379908       0.00000       30.2509      -3.19762    
134  1.330      0.350593      0.336988     -0.388902       0.00000       30.2471      -3.11719    
135  1.340      0.433065      0.340906     -0.390660       0.00000       30.2433      -3.03306    
136  1.350      0.514935      0.345645     -0.385082       0.00000       30.2394      -2.94556    
137  1.360      0.595936      0.351197     -0.372097       0.00000       30.2355      -2.85505    
138  1.370      0.675787      0.357553     -0.351662       0.00000       30.2316      -2.76191    
139  1.380      0.754194      0.364700     -0.323766       0.00000       30.2277      -2.66652    
140  1.390      0.830847      0.372621     -0.288427       0.00000       30.2238      -2.56925    
141  1.400      0.905430      0.381298     -0.245703       0.00000       30.2200      -2.47052    
142  1.410      0.977608      0.390707     -0.195682       0.00000       30.2162      -2.37072    
143  1.420       1.04704      0.400824     -0.138494       0.00000       30.2125      -2.27027    
144  1.430       1.11338      0.411619     -0.743027E-01   0.00000       30.2089      -2.16956    
145  1.440       1.17628      0.423059     -0.331246E-02   0.00000       30.2053      -2.06901    
146  1.450       1.23539      0.435108      0.742360E-01   0.00000       30.2019      -1.96904    
147  1.460       1.29034      0.447727      0.158062       0.00000       30.1985      -1.87006    
148  1.470       1.34080      0.460872      0.247848       0.00000       30.1952      -1.77247    
149  1.480       1.38642      0.474496      0.343238       0.00000       30.1919      -1.67667    
150  1.490       1.42676      0.488549      0.443842       0.00000       30.1888      -1.58306    
151  1.500       1.46095      0.502973      0.549171       0.00000       30.1858      -1.49201    
152  1.510       1.48567      0.517686      0.658457       0.00000       30.1829      -1.40377    
153  1.520       1.49601      0.532563      0.769540       0.00000       30.1800      -1.31853    
154  1.530       1.48666      0.547433      0.879129       0.00000       30.1773      -1.23643    
155  1.540       1.45519      0.562091      0.983317       0.00000       30.1746      -1.15762    
156  1.550       1.40221      0.576325       1.07928       0.00000       30.1720      -1.08220    
157  1.560       1.32987      0.589936       1.16554       0.00000       30.1695      -1.01024    
158  1.570       1.24107      0.602746       1.24143       0.00000       30.1671     -0.941775    
159  1.580       1.13891      0.614609       1.30676       0.00000       30.1647     -0.876818    
160  1.590       1.02652      0.625407       1.36161       0.00000       30.1624     -0.815339    
161  1.600      0.906945      0.635053       1.40631       0.00000       30.1601     -0.757281    
162  1.610      0.783039      0.643488       1.44130       0.00000       30.1580     -0.702563    
163  1.620      0.657459      0.650683       1.46720       0.00000       30.1559     -0.651080    
164  1.630      0.532625      0.656632       1.48470       0.00000       30.1538     -0.602707    
165  1.640      0.410694      0.661353       1.49459       0.00000       30.1519     -0.557302    
166  1.650      0.293546      0.664884       1.49769       0.00000       30.1500     -0.514709    
167  1.660      0.182779      0.667279       1.49488       0.00000       30.1481     -0.474763    
168  1.670      0.797058E-01  0.668609       1.48704       0.00000       30.1464     -0.437293    
169  1.680     -0.146433E-01  0.668954       1.47504       0.00000       30.1447     -0.402121    
170  1.690     -0.995070E-01  0.668406       1.45973       0.00000       30.1430     -0.369069    
171  1.700     -0.174381      0.667061       1.44194       0.00000       30.1414     -0.337962    
172  1.710     -0.238999      0.665019       1.42243       0.00000       30.1399     -0.308627    
173  1.720     -0.293317      0.662383       1.40192       0.00000       30.1384     -0.280898    
174  1.730     -0.337483      0.659255       1.38105       0.00000       30.1369     -0.254615    
175  1.740     -0.371818      0.655733       1.36039       0.00000       30.1356     -0.229628    
176  1.750     -0.396793      0.651914       1.34046       0.00000       30.1342     -0.205797    
177  1.760     -0.412998      0.647887       1.32168       0.00000       30.1330     -0.182994    
178  1.770     -0.421123      0.643738       1.30441       0.00000       30.1317     -0.161100    
179  1.780     -0.421931      0.639542       1.28892       0.00000       30.1305     -0.140010    
180  1.790     -0.416238      0.635368       1.27544       0.00000       30.1294     -0.119629    
181  1.800     -0.404890      0.631278       1.26411       0.00000       30.1283     -0.998762E-01
182  1.810     -0.388744      0.627322       1.25500       0.00000       30.1272     -0.806807E-01
183  1.820     -0.368649      0.623546       1.24815       0.00000       30.1262     -0.619826E-01
184  1.830     -0.345435      0.619985       1.24354       0.00000       30.1252     -0.437329E-01
185  1.840     -0.319895      0.616665       1.24110       0.00000       30.1242     -0.258919E-01
186  1.850     -0.292776      0.613606       1.24073       0.00000       30.1233     -0.842886E-02
187  1.860     -0.264770      0.610822       1.24228       0.00000       30.1224      0.867881E-02
188  1.870     -0.236505      0.608317       1.24560       0.00000       30.1215      0.254468E-01
189  1.880     -0.208542      0.606091       1.25051       0.00000       30.1207      0.418844E-01
190  1.890     -0.181375      0.604141       1.25681       0.00000       30.1198      0.579960E-01
191  1.900     -0.155421      0.602454       1.26430       0.00000       30.1191      0.737815E-01
192  1.910     -0.131029      0.601018       1.27278       0.00000       30.1183      0.892373E-01
193  1.920     -0.108475      0.599817       1.28204       0.00000       30.1175      0.104357    
194  1.930     -0.879673E-01  0.598830       1.29188       0.00000       30.1168      0.119133    
195  1.940     -0.696524E-01  0.598036       1.30212       0.00000       30.1161      0.133556    
196  1.950     -0.536143E-01  0.597414       1.31258       0.00000       30.1154      0.147616    
197  1.960     -0.398850E-01  0.596941       1.32308       0.00000       30.1148      0.161304    
198  1.970     -0.284461E-01  0.596594       1.33349       0.00000       30.1141      0.174610    
199  1.980     -0.192358E-01  0.596350       1.34366       0.00000       30.1135      0.187525    
200  1.990     -0.121571E-01  0.596187       1.35349       0.00000       30.1129      0.200044    
201  2.000     -0.708025E-02  0.596086       1.36287       0.00000       30.1123      0.212160    
